0.000000 ; 4000.000000
0.062500 ; 3999.961741
0.125000 ; 3999.847690
0.187500 ; 3999.659989
0.250000 ; 3999.402073
0.312500 ; 3999.078486
0.375000 ; 3998.694652
0.437500 ; 3998.256615
0.500000 ; 3997.770775
0.562500 ; 3997.243644
0.625000 ; 3996.681624
0.687500 ; 3996.090828
0.750000 ; 3995.476942
0.812500 ; 3994.845136
0.875000 ; 3994.200003
0.937500 ; 3993.545545
1.000000 ; 3992.885176
1.062500 ; 3992.221754
1.125000 ; 3991.557619
1.187500 ; 3990.894647
1.250000 ; 3990.234301
1.312500 ; 3989.577691
1.375000 ; 3988.925619
1.437500 ; 3988.278639
1.500000 ; 3987.637093
1.562500 ; 3987.001154
1.625000 ; 3986.370864
1.687500 ; 3985.746157
1.750000 ; 3985.126890
1.812500 ; 3984.512863
1.875000 ; 3983.903832
1.937500 ; 3983.299528
2.000000 ; 3982.699666
2.062500 ; 3982.103953
2.125000 ; 3981.512096
2.187500 ; 3980.923808
2.250000 ; 3980.338809
2.312500 ; 3979.756831
2.375000 ; 3979.177621
2.437500 ; 3978.600939
2.500000 ; 3978.026560
2.562500 ; 3977.454275
2.625000 ; 3976.883890
2.687500 ; 3976.315226
2.750000 ; 3975.748118
2.812500 ; 3975.182415
2.875000 ; 3974.617979
2.937500 ; 3974.054683
3.000000 ; 3973.492412
3.062500 ; 3972.931064
3.125000 ; 3972.370542
3.187500 ; 3971.810762
3.250000 ; 3971.251646
3.312500 ; 3970.693124
3.375000 ; 3970.135135
3.437500 ; 3969.577620
3.500000 ; 3969.020531
3.562500 ; 3968.463819
3.625000 ; 3967.907446
3.687500 ; 3967.351374
3.750000 ; 3966.795570
3.812500 ; 3966.240005
3.875000 ; 3965.684653
3.937500 ; 3965.129490
4.000000 ; 3964.574495
4.062500 ; 3964.019649
4.125000 ; 3963.464937
4.187500 ; 3962.910342
4.250000 ; 3962.355852
4.312500 ; 3961.801455
4.375000 ; 3961.247140
4.437500 ; 3960.692898
4.500000 ; 3960.138722
4.562500 ; 3959.584602
4.625000 ; 3959.030533
4.687500 ; 3958.476510
4.750000 ; 3957.922526
4.812500 ; 3957.368577
4.875000 ; 3956.814660
4.937500 ; 3956.260771
5.000000 ; 3955.706905
5.062500 ; 3955.153062
5.125000 ; 3954.599237
5.187500 ; 3954.045430
5.250000 ; 3953.491637
5.312500 ; 3952.937857
5.375000 ; 3952.384090
5.437500 ; 3951.830332
5.500000 ; 3951.276584
5.562500 ; 3950.722843
5.625000 ; 3950.169110
5.687500 ; 3949.615382
5.750000 ; 3949.061661
5.812500 ; 3948.507944
5.875000 ; 3947.954231
5.937500 ; 3947.400523
6.000000 ; 3946.846817
6.062500 ; 3946.293115
6.125000 ; 3945.739415
6.187500 ; 3945.185717
6.250000 ; 3944.632021
6.312500 ; 3944.078327
6.375000 ; 3943.524635
6.437500 ; 3942.970944
6.500000 ; 3942.417255
6.562500 ; 3941.863566
6.625000 ; 3941.309878
6.687500 ; 3940.756191
6.750000 ; 3940.202505
6.812500 ; 3939.648820
6.875000 ; 3939.095135
6.937500 ; 3938.541450
7.000000 ; 3937.987766
7.062500 ; 3937.434082
7.125000 ; 3936.880399
7.187500 ; 3936.326716
7.250000 ; 3935.773033
7.312500 ; 3935.219351
7.375000 ; 3934.665668
7.437500 ; 3934.111986
7.500000 ; 3933.558304
7.562500 ; 3933.004622
7.625000 ; 3932.450941
7.687500 ; 3931.897259
7.750000 ; 3931.343578
7.812500 ; 3930.789896
7.875000 ; 3930.236215
7.937500 ; 3929.682533
8.000000 ; 3929.128852
8.062500 ; 3928.575171
8.125000 ; 3928.021490
8.187500 ; 3927.467809
8.250000 ; 3926.914128
8.312500 ; 3926.360446
8.375000 ; 3925.806765
8.437500 ; 3925.253084
8.500000 ; 3924.699403
8.562500 ; 3924.145722
8.625000 ; 3923.592041
8.687500 ; 3923.038360
8.750000 ; 3922.484680
8.812500 ; 3921.930999
8.875000 ; 3921.377318
8.937500 ; 3920.823637
9.000000 ; 3920.269956
9.062500 ; 3919.716275
9.125000 ; 3919.162594
9.187500 ; 3918.608913
9.250000 ; 3918.055232
9.312500 ; 3917.501551
9.375000 ; 3916.947870
9.437500 ; 3916.394190
9.500000 ; 3915.840509
9.562500 ; 3915.286828
9.625000 ; 3914.733147
9.687500 ; 3914.179466
9.750000 ; 3913.625785
9.812500 ; 3913.072104
9.875000 ; 3912.518423
9.937500 ; 3911.964743
10.000000 ; 3911.411062
10.062500 ; 3910.857381
10.125000 ; 3910.303700
10.187500 ; 3909.750019
10.250000 ; 3909.196338
10.312500 ; 3908.642657
10.375000 ; 3908.088976
10.437500 ; 3907.535296
10.500000 ; 3906.981615
10.562500 ; 3906.427934
10.625000 ; 3905.874253
10.687500 ; 3905.320572
10.750000 ; 3904.766891
10.812500 ; 3904.213210
10.875000 ; 3903.659530
10.937500 ; 3903.105849
11.000000 ; 3902.552168
11.062500 ; 3901.998487
11.125000 ; 3901.444806
11.187500 ; 3900.891125
11.250000 ; 3900.337444
11.312500 ; 3899.783763
11.375000 ; 3899.230083
11.437500 ; 3898.676402
11.500000 ; 3898.122721
11.562500 ; 3897.569040
11.625000 ; 3897.015359
11.687500 ; 3896.461678
11.750000 ; 3895.907997
11.812500 ; 3895.354317
11.875000 ; 3894.800636
11.937500 ; 3894.246955
12.000000 ; 3893.693274
12.062500 ; 3893.139593
12.125000 ; 3892.585912
12.187500 ; 3892.032231
12.250000 ; 3891.478551
12.312500 ; 3890.924870
12.375000 ; 3890.371189
12.437500 ; 3889.817508
12.500000 ; 3889.263827
12.562500 ; 3888.710146
12.625000 ; 3888.156465
12.687500 ; 3887.602784
12.750000 ; 3887.049104
12.812500 ; 3886.495423
12.875000 ; 3885.941742
12.937500 ; 3885.388061
13.000000 ; 3884.834380
13.062500 ; 3884.280699
13.125000 ; 3883.727018
13.187500 ; 3883.173338
13.250000 ; 3882.619657
13.312500 ; 3882.065976
13.375000 ; 3881.512295
13.437500 ; 3880.958614
13.500000 ; 3880.404933
13.562500 ; 3879.851252
13.625000 ; 3879.297571
13.687500 ; 3878.743891
13.750000 ; 3878.190210
13.812500 ; 3877.636529
13.875000 ; 3877.082848
13.937500 ; 3876.529167
14.000000 ; 3875.975486
14.062500 ; 3875.421805
14.125000 ; 3874.868125
14.187500 ; 3874.314444
14.250000 ; 3873.760763
14.312500 ; 3873.207082
14.375000 ; 3872.653401
14.437500 ; 3872.099720
14.500000 ; 3871.546039
14.562500 ; 3870.992359
14.625000 ; 3870.438678
14.687500 ; 3869.884997
14.750000 ; 3869.331316
14.812500 ; 3868.777635
14.875000 ; 3868.223954
14.937500 ; 3867.670273
15.000000 ; 3867.116592
15.062500 ; 3866.562912
15.125000 ; 3866.009231
15.187500 ; 3865.455550
15.250000 ; 3864.901869
15.312500 ; 3864.348188
15.375000 ; 3863.794507
15.437500 ; 3863.240826
15.500000 ; 3862.687146
15.562500 ; 3862.133465
15.625000 ; 3861.579784
15.687500 ; 3861.026103
15.750000 ; 3860.472422
15.812500 ; 3859.918741
15.875000 ; 3859.365060
15.937500 ; 3858.811379
16.000000 ; 3858.257699
16.062500 ; 3857.704018
16.125000 ; 3857.150337
16.187500 ; 3856.596656
16.250000 ; 3856.042975
16.312500 ; 3855.489294
16.375000 ; 3854.935613
16.437500 ; 3854.381933
16.500000 ; 3853.828252
16.562500 ; 3853.274571
16.625000 ; 3852.720890
16.687500 ; 3852.167209
16.750000 ; 3851.613528
16.812500 ; 3851.059847
16.875000 ; 3850.506167
16.937500 ; 3849.952486
17.000000 ; 3849.398805
17.062500 ; 3848.845124
17.125000 ; 3848.291443
17.187500 ; 3847.737762
17.250000 ; 3847.184081
17.312500 ; 3846.630400
17.375000 ; 3846.076720
17.437500 ; 3845.523039
17.500000 ; 3844.969358
17.562500 ; 3844.415677
17.625000 ; 3843.861996
17.687500 ; 3843.308315
17.750000 ; 3842.754634
17.812500 ; 3842.200954
17.875000 ; 3841.647273
17.937500 ; 3841.093592
18.000000 ; 3840.539911
18.062500 ; 3839.986230
18.125000 ; 3839.432549
18.187500 ; 3838.878868
18.250000 ; 3838.325187
18.312500 ; 3837.771507
18.375000 ; 3837.217826
18.437500 ; 3836.664145
18.500000 ; 3836.110464
18.562500 ; 3835.556783
18.625000 ; 3835.003102
18.687500 ; 3834.449421
18.750000 ; 3833.895741
18.812500 ; 3833.342060
18.875000 ; 3832.788379
18.937500 ; 3832.234698
19.000000 ; 3831.681017
19.062500 ; 3831.127336
19.125000 ; 3830.573655
19.187500 ; 3830.019975
19.250000 ; 3829.466294
19.312500 ; 3828.912613
19.375000 ; 3828.358932
19.437500 ; 3827.805251
19.500000 ; 3827.251570
19.562500 ; 3826.697889
19.625000 ; 3826.144208
19.687500 ; 3825.590528
19.750000 ; 3825.036847
19.812500 ; 3824.483166
19.875000 ; 3823.929485
19.937500 ; 3823.375804
20.000000 ; 3822.822123
20.062500 ; 3822.268442
20.125000 ; 3821.714762
20.187500 ; 3821.161081
20.250000 ; 3820.607400
20.312500 ; 3820.053719
20.375000 ; 3819.500038
20.437500 ; 3818.946357
20.500000 ; 3818.392676
20.562500 ; 3817.838995
20.625000 ; 3817.285315
20.687500 ; 3816.731634
20.750000 ; 3816.177953
20.812500 ; 3815.624272
20.875000 ; 3815.070591
20.937500 ; 3814.516910
21.000000 ; 3813.963229
21.062500 ; 3813.409549
21.125000 ; 3812.855868
21.187500 ; 3812.302187
21.250000 ; 3811.748506
21.312500 ; 3811.194825
21.375000 ; 3810.641144
21.437500 ; 3810.087463
21.500000 ; 3809.533783
21.562500 ; 3808.980102
21.625000 ; 3808.426421
21.687500 ; 3807.872740
21.750000 ; 3807.319059
21.812500 ; 3806.765378
21.875000 ; 3806.211697
21.937500 ; 3805.658016
22.000000 ; 3805.104336
22.062500 ; 3804.550655
22.125000 ; 3803.996974
22.187500 ; 3803.443293
22.250000 ; 3802.889612
22.312500 ; 3802.335931
22.375000 ; 3801.782250
22.437500 ; 3801.228570
22.500000 ; 3800.674889
22.562500 ; 3800.121208
22.625000 ; 3799.567527
22.687500 ; 3799.013846
22.750000 ; 3798.460165
22.812500 ; 3797.906484
22.875000 ; 3797.352803
22.937500 ; 3796.799123
23.000000 ; 3796.245442
23.062500 ; 3795.691761
23.125000 ; 3795.138080
23.187500 ; 3794.584399
23.250000 ; 3794.030718
23.312500 ; 3793.477037
23.375000 ; 3792.923357
23.437500 ; 3792.369676
23.500000 ; 3791.815995
23.562500 ; 3791.262314
23.625000 ; 3790.708633
23.687500 ; 3790.154952
23.750000 ; 3789.601271
23.812500 ; 3789.047591
23.875000 ; 3788.493910
23.937500 ; 3787.940229
24.000000 ; 3787.386548
24.062500 ; 3786.832867
24.125000 ; 3786.279186
24.187500 ; 3785.725505
24.250000 ; 3785.171824
24.312500 ; 3784.618144
24.375000 ; 3784.064463
24.437500 ; 3783.510782
24.500000 ; 3782.957101
24.562500 ; 3782.403420
24.625000 ; 3781.849739
24.687500 ; 3781.296058
24.750000 ; 3780.742378
24.812500 ; 3780.188697
24.875000 ; 3779.635016
24.937500 ; 3779.081335
