0.000000 ; 0.000000
0.062500 ; 0.613125
0.125000 ; 1.223313
0.187500 ; 1.824747
0.250000 ; 2.411858
0.312500 ; 2.979538
0.375000 ; 3.523306
0.437500 ; 4.039449
0.500000 ; 4.525096
0.562500 ; 4.978249
0.625000 ; 5.397757
0.687500 ; 5.783259
0.750000 ; 6.135086
0.812500 ; 6.454154
0.875000 ; 6.741841
0.937500 ; 6.999869
1.000000 ; 7.230196
1.062500 ; 7.434917
1.125000 ; 7.616182
1.187500 ; 7.776134
1.250000 ; 7.916850
1.312500 ; 8.040315
1.375000 ; 8.148388
1.437500 ; 8.242792
1.500000 ; 8.325108
1.562500 ; 8.396769
1.625000 ; 8.459068
1.687500 ; 8.513163
1.750000 ; 8.560085
1.812500 ; 8.600749
1.875000 ; 8.635961
1.937500 ; 8.666431
2.000000 ; 8.692782
2.062500 ; 8.715560
2.125000 ; 8.735240
2.187500 ; 8.752236
2.250000 ; 8.766911
2.312500 ; 8.779577
2.375000 ; 8.790507
2.437500 ; 8.799937
2.500000 ; 8.808070
2.562500 ; 8.815085
2.625000 ; 8.821134
2.687500 ; 8.826350
2.750000 ; 8.830846
2.812500 ; 8.834722
2.875000 ; 8.838064
2.937500 ; 8.840944
3.000000 ; 8.843426
3.062500 ; 8.845565
3.125000 ; 8.847409
3.187500 ; 8.848997
3.250000 ; 8.850366
3.312500 ; 8.851546
3.375000 ; 8.852563
3.437500 ; 8.853439
3.500000 ; 8.854194
3.562500 ; 8.854844
3.625000 ; 8.855405
3.687500 ; 8.855887
3.750000 ; 8.856304
3.812500 ; 8.856662
3.875000 ; 8.856971
3.937500 ; 8.857237
4.000000 ; 8.857466
4.062500 ; 8.857664
4.125000 ; 8.857834
4.187500 ; 8.857981
4.250000 ; 8.858107
4.312500 ; 8.858216
4.375000 ; 8.858310
4.437500 ; 8.858391
4.500000 ; 8.858460
4.562500 ; 8.858520
4.625000 ; 8.858572
4.687500 ; 8.858617
4.750000 ; 8.858655
4.812500 ; 8.858688
4.875000 ; 8.858717
4.937500 ; 8.858741
5.000000 ; 8.858762
5.062500 ; 8.858780
5.125000 ; 8.858796
5.187500 ; 8.858810
5.250000 ; 8.858821
5.312500 ; 8.858831
5.375000 ; 8.858840
5.437500 ; 8.858847
5.500000 ; 8.858854
5.562500 ; 8.858859
5.625000 ; 8.858864
5.687500 ; 8.858868
5.750000 ; 8.858872
5.812500 ; 8.858875
5.875000 ; 8.858877
5.937500 ; 8.858880
6.000000 ; 8.858882
6.062500 ; 8.858883
6.125000 ; 8.858885
6.187500 ; 8.858886
6.250000 ; 8.858887
6.312500 ; 8.858888
6.375000 ; 8.858889
6.437500 ; 8.858890
6.500000 ; 8.858890
6.562500 ; 8.858891
6.625000 ; 8.858891
6.687500 ; 8.858891
6.750000 ; 8.858892
6.812500 ; 8.858892
6.875000 ; 8.858892
6.937500 ; 8.858893
7.000000 ; 8.858893
7.062500 ; 8.858893
7.125000 ; 8.858893
7.187500 ; 8.858893
7.250000 ; 8.858893
7.312500 ; 8.858893
7.375000 ; 8.858893
7.437500 ; 8.858893
7.500000 ; 8.858893
7.562500 ; 8.858894
7.625000 ; 8.858894
7.687500 ; 8.858894
7.750000 ; 8.858894
7.812500 ; 8.858894
7.875000 ; 8.858894
7.937500 ; 8.858894
8.000000 ; 8.858894
8.062500 ; 8.858894
8.125000 ; 8.858894
8.187500 ; 8.858894
8.250000 ; 8.858894
8.312500 ; 8.858894
8.375000 ; 8.858894
8.437500 ; 8.858894
8.500000 ; 8.858894
8.562500 ; 8.858894
8.625000 ; 8.858894
8.687500 ; 8.858894
8.750000 ; 8.858894
8.812500 ; 8.858894
8.875000 ; 8.858894
8.937500 ; 8.858894
9.000000 ; 8.858894
9.062500 ; 8.858894
9.125000 ; 8.858894
9.187500 ; 8.858894
9.250000 ; 8.858894
9.312500 ; 8.858894
9.375000 ; 8.858894
9.437500 ; 8.858894
9.500000 ; 8.858894
9.562500 ; 8.858894
9.625000 ; 8.858894
9.687500 ; 8.858894
9.750000 ; 8.858894
9.812500 ; 8.858894
9.875000 ; 8.858894
9.937500 ; 8.858894
10.000000 ; 8.858894
10.062500 ; 8.858894
10.125000 ; 8.858894
10.187500 ; 8.858894
10.250000 ; 8.858894
10.312500 ; 8.858894
10.375000 ; 8.858894
10.437500 ; 8.858894
10.500000 ; 8.858894
10.562500 ; 8.858894
10.625000 ; 8.858894
10.687500 ; 8.858894
10.750000 ; 8.858894
10.812500 ; 8.858894
10.875000 ; 8.858894
10.937500 ; 8.858894
11.000000 ; 8.858894
11.062500 ; 8.858894
11.125000 ; 8.858894
11.187500 ; 8.858894
11.250000 ; 8.858894
11.312500 ; 8.858894
11.375000 ; 8.858894
11.437500 ; 8.858894
11.500000 ; 8.858894
11.562500 ; 8.858894
11.625000 ; 8.858894
11.687500 ; 8.858894
11.750000 ; 8.858894
11.812500 ; 8.858894
11.875000 ; 8.858894
11.937500 ; 8.858894
12.000000 ; 8.858894
12.062500 ; 8.858894
12.125000 ; 8.858894
12.187500 ; 8.858894
12.250000 ; 8.858894
12.312500 ; 8.858894
12.375000 ; 8.858894
12.437500 ; 8.858894
12.500000 ; 8.858894
12.562500 ; 8.858894
12.625000 ; 8.858894
12.687500 ; 8.858894
12.750000 ; 8.858894
12.812500 ; 8.858894
12.875000 ; 8.858894
12.937500 ; 8.858894
13.000000 ; 8.858894
13.062500 ; 8.858894
13.125000 ; 8.858894
13.187500 ; 8.858894
13.250000 ; 8.858894
13.312500 ; 8.858894
13.375000 ; 8.858894
13.437500 ; 8.858894
13.500000 ; 8.858894
13.562500 ; 8.858894
13.625000 ; 8.858894
13.687500 ; 8.858894
13.750000 ; 8.858894
13.812500 ; 8.858894
13.875000 ; 8.858894
13.937500 ; 8.858894
14.000000 ; 8.858894
14.062500 ; 8.858894
14.125000 ; 8.858894
14.187500 ; 8.858894
14.250000 ; 8.858894
14.312500 ; 8.858894
14.375000 ; 8.858894
14.437500 ; 8.858894
14.500000 ; 8.858894
14.562500 ; 8.858894
14.625000 ; 8.858894
14.687500 ; 8.858894
14.750000 ; 8.858894
14.812500 ; 8.858894
14.875000 ; 8.858894
14.937500 ; 8.858894
15.000000 ; 8.858894
15.062500 ; 8.858894
15.125000 ; 8.858894
15.187500 ; 8.858894
15.250000 ; 8.858894
15.312500 ; 8.858894
15.375000 ; 8.858894
15.437500 ; 8.858894
15.500000 ; 8.858894
15.562500 ; 8.858894
15.625000 ; 8.858894
15.687500 ; 8.858894
15.750000 ; 8.858894
15.812500 ; 8.858894
15.875000 ; 8.858894
15.937500 ; 8.858894
16.000000 ; 8.858894
16.062500 ; 8.858894
16.125000 ; 8.858894
16.187500 ; 8.858894
16.250000 ; 8.858894
16.312500 ; 8.858894
16.375000 ; 8.858894
16.437500 ; 8.858894
16.500000 ; 8.858894
16.562500 ; 8.858894
16.625000 ; 8.858894
16.687500 ; 8.858894
16.750000 ; 8.858894
16.812500 ; 8.858894
16.875000 ; 8.858894
16.937500 ; 8.858894
17.000000 ; 8.858894
17.062500 ; 8.858894
17.125000 ; 8.858894
17.187500 ; 8.858894
17.250000 ; 8.858894
17.312500 ; 8.858894
17.375000 ; 8.858894
17.437500 ; 8.858894
17.500000 ; 8.858894
17.562500 ; 8.858894
17.625000 ; 8.858894
17.687500 ; 8.858894
17.750000 ; 8.858894
17.812500 ; 8.858894
17.875000 ; 8.858894
17.937500 ; 8.858894
18.000000 ; 8.858894
18.062500 ; 8.858894
18.125000 ; 8.858894
18.187500 ; 8.858894
18.250000 ; 8.858894
18.312500 ; 8.858894
18.375000 ; 8.858894
18.437500 ; 8.858894
18.500000 ; 8.858894
18.562500 ; 8.858894
18.625000 ; 8.858894
18.687500 ; 8.858894
18.750000 ; 8.858894
18.812500 ; 8.858894
18.875000 ; 8.858894
18.937500 ; 8.858894
19.000000 ; 8.858894
19.062500 ; 8.858894
19.125000 ; 8.858894
19.187500 ; 8.858894
19.250000 ; 8.858894
19.312500 ; 8.858894
19.375000 ; 8.858894
19.437500 ; 8.858894
19.500000 ; 8.858894
19.562500 ; 8.858894
19.625000 ; 8.858894
19.687500 ; 8.858894
19.750000 ; 8.858894
19.812500 ; 8.858894
19.875000 ; 8.858894
19.937500 ; 8.858894
20.000000 ; 8.858894
20.062500 ; 8.858894
20.125000 ; 8.858894
20.187500 ; 8.858894
20.250000 ; 8.858894
20.312500 ; 8.858894
20.375000 ; 8.858894
20.437500 ; 8.858894
20.500000 ; 8.858894
20.562500 ; 8.858894
20.625000 ; 8.858894
20.687500 ; 8.858894
20.750000 ; 8.858894
20.812500 ; 8.858894
20.875000 ; 8.858894
20.937500 ; 8.858894
21.000000 ; 8.858894
21.062500 ; 8.858894
21.125000 ; 8.858894
21.187500 ; 8.858894
21.250000 ; 8.858894
21.312500 ; 8.858894
21.375000 ; 8.858894
21.437500 ; 8.858894
21.500000 ; 8.858894
21.562500 ; 8.858894
21.625000 ; 8.858894
21.687500 ; 8.858894
21.750000 ; 8.858894
21.812500 ; 8.858894
21.875000 ; 8.858894
21.937500 ; 8.858894
22.000000 ; 8.858894
22.062500 ; 8.858894
22.125000 ; 8.858894
22.187500 ; 8.858894
22.250000 ; 8.858894
22.312500 ; 8.858894
22.375000 ; 8.858894
22.437500 ; 8.858894
22.500000 ; 8.858894
22.562500 ; 8.858894
22.625000 ; 8.858894
22.687500 ; 8.858894
22.750000 ; 8.858894
22.812500 ; 8.858894
22.875000 ; 8.858894
22.937500 ; 8.858894
23.000000 ; 8.858894
23.062500 ; 8.858894
23.125000 ; 8.858894
23.187500 ; 8.858894
23.250000 ; 8.858894
23.312500 ; 8.858894
23.375000 ; 8.858894
23.437500 ; 8.858894
23.500000 ; 8.858894
23.562500 ; 8.858894
23.625000 ; 8.858894
23.687500 ; 8.858894
23.750000 ; 8.858894
23.812500 ; 8.858894
23.875000 ; 8.858894
23.937500 ; 8.858894
24.000000 ; 8.858894
24.062500 ; 8.858894
24.125000 ; 8.858894
24.187500 ; 8.858894
24.250000 ; 8.858894
24.312500 ; 8.858894
24.375000 ; 8.858894
24.437500 ; 8.858894
24.500000 ; 8.858894
24.562500 ; 8.858894
24.625000 ; 8.858894
24.687500 ; 8.858894
24.750000 ; 8.858894
24.812500 ; 8.858894
24.875000 ; 8.858894
24.937500 ; 8.858894
